YU_ON[0]=-13.085762
YU_ON[1]=3.985453
YU_ON[2]=-17.434816
YU_HN[0]=4.339522
YU_HN[1]=1.082725
YU_HN[2]=-14.568905
YU_HN[3]=19.870943
YU_HN[4]=-1.080821
YU_HN[5]=1.372028
YU_HN[6]=19.833624
YU_HN[7]=7.506342
