W[0][0]=-13.979473
W[0][1]=0.087494
W[1][0]=0.043507
W[1][1]=-2.274905
W[2][0]=17.423861
W[2][1]=1.369551
W[3][0]=-26.906977
W[3][1]=-30.922585
W[4][0]=-27.176474
W[4][1]=24.743382
W[5][0]=-11.399203
W[5][1]=3.181818
W[6][0]=2.122782
W[6][1]=-49.758030
W[7][0]=-27.656754
W[7][1]=6.881351

V[0][0]=-7.373723
V[0][1]=-0.668439
V[0][2]=1.060720
V[0][3]=7.636758
V[0][4]=18.573893
V[0][5]=-2.249575
V[0][6]=23.101753
V[0][7]=-6.362555
V[1][0]=6.969000
V[1][1]=1.726743
V[1][2]=-10.375165
V[1][3]=21.606861
V[1][4]=14.297374
V[1][5]=4.258091
V[1][6]=-38.432674
V[1][7]=11.741524
V[2][0]=4.443914
V[2][1]=-2.919873
V[2][2]=24.433964
V[2][3]=-35.002476
V[2][4]=20.831726
V[2][5]=4.791403
V[2][6]=23.167862
V[2][7]=14.727576
